0,32,0.96
1,64,0.866666665872
2,16,0.956666666667
3,32,0.954999999205
4,32,0.971666665872
5,16,0.963333333333
6,4,0.916666666667
7,64,0.936666665872
8,16,0.955
9,32,0.948333334128
10,16,0.961666666667
11,4,0.5
12,4,0.955
13,16,0.963333333333
14,32,0.971666666667
15,16,0.956666666667
15,4,0.5
16,4,0.5
17,16,0.951666666667
18,16,0.971666666667
19,32,0.965
20,64,0.924999999205
21,32,0.961666667461
22,64,0.963333332539
23,16,0.935
24,64,0.968333334128
25,16,0.948333333333
26,64,0.959999999205
27,16,0.956666666667
28,16,0.955
29,16,0.943333333333
30,32,0.968333334128
31,32,0.956666665872
32,128,0.836666665872
33,32,0.950000000795
34,32,0.955000000795
35,32,0.936666667461
36,32,0.946666666667
37,32,0.918333333333
38,16,0.966666666667
39,32,0.951666665872
40,16,0.958333333333
41,16,0.965
42,16,0.903333333333,nadam
43,16,0.96,nadam
44,32,0.944999999205,nadam
45,16,0.5,nadam
46,64,0.865,nadam
47,32,0.931666665872,nadam
